# Created by Octave 7.2.0, Thu Sep 29 01:10:05 2022 MSK <kmnjkl@maksim-hplaptop14cm1xxx-garuda>
# name: A
# type: scalar
0.8089750301481281


# name: A2
# type: scalar
1.2593449057224335


# name: B
# type: scalar
0.0031982462659855063


# name: B2
# type: scalar
-0.0041558381888840076


# name: J
# type: matrix
# rows: 7
# columns: 1
 0.0033
 0.0047200000000000002
 0.0052599999999999999
 0.0062100000000000002
 0.0076
 0.0086
 0.0101


# name: Sa
# type: scalar
0.038885845281917103


# name: Sa2
# type: scalar
0.045865161753148968


# name: Sas
# type: matrix
# rows: 7
# columns: 1
 1e-10
 0.00029999999999999997
 0.00029999999999999997
 0.00040000000000000002
 0.00040000000000000002
 0.00050000000000000001
 0.00059999999999999995


# name: Sb
# type: scalar
0.00016431571715492285


# name: Sb2
# type: scalar
0.00015135503378548083


# name: Sj
# type: matrix
# rows: 7
# columns: 1
 0.00029999999999999997
 0.00019000000000000001
 0.00017999999999999998
 0.00021000000000000001
 0.00029999999999999997
 0.00029999999999999997
 0.00029999999999999997


# name: ans
# type: scalar
7


# name: as
# type: matrix
# rows: 7
# columns: 1
 0
 0.0018000000000000002
 0.0027000000000000001
 0.0038
 0.0052000000000000006
 0.0067000000000000002
 0.0085000000000000006


